x = [9.98  15.71  20.21  24.42  28.68  36.19  39.06  46.79  49.24  53.52  60.55  65.41  69.46  75.18  81.02  85.07  90.79  94.11  100.58];


y =[31.51  46.93  62.49  78.56  93.89  110.48  124.07  140.00  157.36  170.95  188.75  203.72  221.42  236.60  250.75  266.34  282.99  297.40  314.16];

