x = [11  12  15  28  45  52  57  75  81  88  93  97];
y = [1.0  1.0  1.5  6.0  9.0  10.5  11.0  16.5  9.5  8.0  12.5  12.5];
